304
1
1
1.067
2
0
1.067
2
0.848
2
1
0.848
3
0.964
2
2
0.964
4
0.766
2
3
0.766
5
0.665
2
4
0.665
6
0.383
5
5
0.383
7
0.466
26
0.794
27
0.523
113
0.296
2
6
0.466
8
0.776
4
7
0.776
9
0.298
217
0.830
218
0.366
4
8
0.298
10
0.636
219
0.683
183
0.511
6
9
0.636
11
0.576
183
0.718
184
0.463
184
0.463
264
0.678
2
10
0.576
12
0.528
2
11
0.528
13
0.414
2
12
0.414
14
0.546
8
13
0.546
15
0.327
84
0.432
85
0.350
152
0.393
153
0.911
150
1.243
18
2.484
4
14
0.327
16
0.721
254
0.523
255
0.327
2
15
0.721
17
0.649
6
16
0.649
18
0.998
107
0.421
108
0.761
190
0.511
191
0.557
4
17
0.998
19
0.970
14
2.484
131
0.670
4
18
0.970
20
0.693
192
0.400
193
0.448
4
19
0.693
21
0.903
224
0.681
225
0.546
2
20
0.903
22
0.869
2
21
0.869
23
0.895
2
22
0.895
24
0.688
1
23
0.688
1
26
0.741
2
25
0.741
6
0.794
2
6
0.523
28
0.396
2
27
0.396
29
0.435
2
28
0.435
30
0.452
4
29
0.452
31
0.524
54
0.429
55
0.593
2
30
0.524
32
0.412
4
31
0.412
33
0.422
289
0.464
290
0.429
2
32
0.422
34
0.359
4
33
0.359
35
0.493
260
0.239
261
0.419
2
34
0.493
36
0.397
4
35
0.397
37
0.792
78
0.378
79
0.534
2
36
0.792
38
0.599
6
37
0.599
39
0.206
39
0.206
79
1.057
143
0.637
144
0.397
6
38
0.206
40
0.647
103
0.680
38
0.206
144
0.446
170
0.409
2
39
0.647
41
0.695
4
40
0.695
42
0.391
252
0.640
253
0.500
2
41
0.391
43
0.310
2
42
0.310
44
0.574
4
43
0.574
45
0.564
67
0.602
68
0.840
2
44
0.564
46
0.419
2
45
0.419
47
0.576
1
46
0.576
1
49
0.649
2
48
0.649
50
0.464
2
49
0.464
51
0.517
2
50
0.517
52
0.347
2
51
0.347
53
0.405
2
52
0.405
54
0.466
2
53
0.466
30
0.429
2
30
0.593
56
0.485
7
55
0.485
57
0.264
263
0.486
184
0.575
290
0.462
219
0.927
184
0.575
4
56
0.264
58
0.418
220
0.544
149
0.337
6
57
0.418
59
0.319
149
0.262
150
0.555
184
0.499
185
0.548
2
58
0.319
60
0.377
2
59
0.377
61
0.386
2
60
0.386
62
0.474
4
61
0.474
63
0.275
82
0.377
83
0.372
4
62
0.275
64
0.347
65
0.607
254
0.425
2
63
0.347
65
0.261
10
64
0.261
66
0.811
104
0.470
105
0.481
82
0.731
188
0.535
82
0.731
105
0.481
253
0.588
63
0.607
2
65
0.811
67
0.386
2
66
0.386
44
0.602
2
44
0.840
69
0.628
2
68
0.628
70
0.617
1
69
0.617
3
72
0.627
249
0.779
250
0.577
2
71
0.627
73
0.431
2
72
0.431
74
0.435
1
73
0.435
1
76
0.463
2
75
0.463
77
0.263
4
76
0.263
78
0.489
257
0.758
258
0.400
2
77
0.489
36
0.378
4
36
0.534
80
0.549
38
1.057
80
0.549
6
79
0.549
81
0.443
79
0.549
104
0.581
145
0.378
146
0.686
2
80
0.443
82
0.361
6
81
0.361
62
0.377
187
0.419
65
0.731
187
0.419
65
0.731
2
62
0.372
84
0.291
2
83
0.291
14
0.432
2
14
0.350
86
0.369
2
85
0.369
87
0.289
4
86
0.289
88
0.474
244
0.364
245
0.339
2
87
0.474
89
0.292
2
88
0.292
90
0.680
2
89
0.680
91
0.530
8
90
0.530
92
0.455
122
0.743
123
0.292
269
0.492
270
0.413
241
0.635
293
0.481
2
91
0.455
93
0.381
4
92
0.381
94
0.588
123
0.443
94
0.588
4
93
0.588
95
0.347
93
0.588
124
0.344
2
94
0.347
96
0.404
2
95
0.404
303
0.569
1
98
2.154
2
97
2.154
99
1.023
2
98
1.023
100
0.726
2
99
0.726
101
0.865
2
100
0.865
102
0.472
2
101
0.472
103
0.506
2
102
0.506
39
0.680
2
80
0.581
65
0.470
4
65
0.481
106
0.528
65
0.481
221
0.548
2
105
0.528
107
0.423
2
106
0.423
17
0.421
2
17
0.761
109
0.441
2
108
0.441
110
0.441
2
109
0.441
111
0.467
2
110
0.467
112
0.511
1
111
0.511
2
6
0.296
114
0.566
2
113
0.566
115
0.490
4
114
0.490
116
0.607
215
0.648
216
0.496
2
115
0.607
117
0.476
2
116
0.476
118
0.496
2
117
0.496
119
0.354
6
118
0.354
120
0.399
180
0.574
181
0.890
239
0.316
240
0.680
2
119
0.399
121
0.527
2
120
0.527
122
0.391
4
121
0.391
91
0.743
270
0.400
271
0.382
2
91
0.292
93
0.443
2
94
0.344
125
0.501
2
124
0.501
126
0.541
2
125
0.541
127
0.420
4
126
0.420
128
0.548
158
0.655
159
0.588
2
127
0.548
129
0.438
2
128
0.438
130
0.444
2
129
0.444
131
0.598
4
130
0.598
132
0.746
18
0.670
300
0.870
2
131
0.746
133
0.432
4
132
0.432
134
0.420
193
0.639
194
0.555
2
133
0.420
135
0.411
2
134
0.411
136
0.540
1
135
0.540
1
138
0.837
2
137
0.837
139
1.485
2
138
1.485
140
0.798
2
139
0.798
141
0.432
2
140
0.432
142
0.555
2
141
0.555
143
0.377
2
142
0.377
38
0.637
3
38
0.397
145
0.380
39
0.446
2
144
0.380
80
0.378
2
80
0.686
147
0.365
2
146
0.365
148
0.369
2
147
0.369
149
0.519
4
148
0.519
58
0.262
57
0.337
185
0.468
4
58
0.555
151
0.345
184
0.820
14
1.243
2
150
0.345
152
0.658
2
151
0.658
14
0.393
2
14
0.911
154
0.394
2
153
0.394
155
0.808
4
154
0.808
156
0.333
247
0.243
248
0.838
2
155
0.333
157
0.335
2
156
0.335
158
0.424
2
157
0.424
127
0.655
2
127
0.588
160
0.470
3
159
0.470
166
1.347
161
1.058
2
160
1.058
162
1.432
2
161
1.432
163
0.434
2
162
0.434
164
0.842
2
163
0.842
165
0.765
1
164
0.765
2
160
1.347
167
0.647
2
166
0.647
168
1.137
2
167
1.137
169
1.027
1
168
1.027
2
39
0.409
171
0.548
2
170
0.548
172
0.545
2
171
0.545
173
0.439
3
175
0.536
250
0.433
251
0.331
1
172
0.400
1
174
0.450
1
177
0.314
2
176
0.314
178
0.507
2
177
0.507
179
0.340
2
178
0.340
180
0.262
2
179
0.262
119
0.574
2
119
0.890
182
0.439
2
181
0.439
183
0.654
4
182
0.654
10
0.718
9
0.511
291
0.750
6
10
0.463
58
0.499
56
0.575
10
0.463
56
0.575
150
0.820
4
58
0.548
186
0.378
149
0.468
186
0.378
4
185
0.378
187
0.322
185
0.378
187
0.322
4
186
0.322
82
0.419
186
0.322
82
0.419
2
65
0.535
189
0.236
2
188
0.236
190
0.376
2
189
0.376
17
0.511
2
17
0.557
192
0.545
2
191
0.545
19
0.400
2
19
0.448
133
0.639
2
133
0.555
195
0.339
2
194
0.339
196
0.439
2
195
0.439
197
0.795
2
196
0.795
198
0.786
2
197
0.786
199
1.007
2
198
1.007
200
1.096
2
199
1.096
201
1.031
2
200
1.031
202
0.801
2
201
0.801
203
0.749
2
202
0.749
204
1.289
1
203
1.289
1
206
0.543
2
205
0.543
207
0.596
2
206
0.596
208
0.998
2
207
0.998
209
0.518
2
208
0.518
210
0.357
3
209
0.357
211
0.343
233
0.317
3
210
0.343
212
0.555
235
0.371
2
211
0.555
213
0.332
2
212
0.332
214
0.448
2
213
0.448
215
0.754
2
214
0.754
115
0.648
2
115
0.496
217
0.531
2
216
0.531
8
0.830
2
8
0.366
219
0.352
4
218
0.352
220
0.532
56
0.927
9
0.683
2
219
0.532
57
0.544
2
105
0.548
222
0.579
2
221
0.579
223
0.447
2
222
0.447
224
0.431
2
223
0.431
20
0.681
2
20
0.546
226
0.377
2
225
0.377
227
0.322
2
226
0.322
228
0.979
2
227
0.979
229
0.936
2
228
0.936
230
0.646
1
229
0.646
1
232
0.766
2
231
0.766
210
1.729
1
234
0.511
1
237
0.448
1
232
1.631
1
211
0.392
2
236
0.677
238
0.587
2
237
0.587
239
0.612
2
238
0.612
119
0.316
2
119
0.680
241
0.706
4
240
0.706
242
0.440
292
0.558
91
0.635
2
241
0.440
243
0.445
2
242
0.445
244
0.676
2
243
0.676
87
0.364
2
87
0.339
246
0.262
2
245
0.262
247
0.477
2
246
0.477
155
0.243
1
155
0.838
1
71
0.779
2
71
0.577
173
0.433
2
173
0.331
252
0.344
2
251
0.344
41
0.640
2
41
0.500
65
0.588
2
63
0.425
15
0.523
1
15
0.327
1
257
0.731
2
256
0.731
77
0.758
2
77
0.400
259
0.535
2
258
0.535
260
0.589
2
259
0.589
34
0.239
2
34
0.419
262
0.273
2
261
0.273
263
0.337
2
262
0.337
56
0.486
2
10
0.678
265
0.327
2
264
0.327
266
0.309
2
265
0.309
267
0.526
2
266
0.526
268
0.311
2
267
0.311
269
0.379
2
268
0.379
91
0.492
2
91
0.413
122
0.400
2
122
0.382
272
0.511
2
271
0.511
273
0.459
2
272
0.459
274
0.813
2
273
0.813
275
0.874
2
274
0.874
276
0.552
1
275
0.552
1
278
1.688
2
279
1.261
277
1.688
2
280
0.563
278
1.261
2
279
0.563
289
0.529
1
282
1.201
2
281
1.201
283
0.771
2
282
0.771
284
1.463
2
283
1.463
285
1.079
2
284
1.079
286
0.643
2
285
0.643
287
1.011
2
286
1.011
288
0.535
2
287
0.535
289
0.605
3
288
0.605
280
0.529
32
0.464
2
32
0.429
56
0.462
2
183
0.750
292
0.514
2
291
0.514
241
0.558
2
91
0.481
294
0.565
2
293
0.565
295
0.432
2
294
0.432
296
0.770
2
295
0.770
297
0.766
2
296
0.766
298
0.811
2
297
0.811
299
0.612
1
298
0.612
2
131
0.870
301
0.475
2
300
0.475
302
1.097
1
301
1.097
1
96
0.569
