indtrain
2725
2566
2280
1508
2490
3771
2242
251
3433
2269
2419
1024
937
3370
1445
3647
1135
3961
65
3489
628
3545
1340
3955
3855
4143
1304
67
4513
1439
4011
1117
4196
950
4476
3779
2606
1689
1143
421
2613
318
2427
1543
2365
2871
1718
2722
2132
122
1316
3513
2187
2914
2695
3616
3850
4516
284
808
1220
3314
2058
3017
3340
3889
236
3241
2531
2386
537
3098
1270
856
4012
2696
291
1584
3923
1765
2276
611
2959
3948
3371
4332
511
2639
3063
1079
1525
1355
3142
3108
37
1605
3014
1251
3218
789
4176
717
226
3689
1188
373
1993
2506
2537
2570
2192
498
3128
3546
1384
345
3120
1363
4124
3687
1873
462
1051
3599
428
4468
2609
1886
506
660
1152
36
1777
2440
2249
1194
4473
375
2390
1640
3690
4412
158
3165
367
963
1542
3392
2007
2986
835
1008
934
3429
1743
2211
1598
1495
4153
3891
3937
308
2097
2200
1560
2793
1147
1985
1824
351
697
2617
3200
1410
1426
4520
1047
4590
1694
2023
2333
399
4394
1715
1990
2505
1293
3310
193
2209
1972
4433
1209
685
3580
1729
2442
4070
1392
728
3723
358
3302
437
84
4569
3084
3052
1004
2567
4317
198
3021
2997
2357
1835
1029
4041
2620
1935
3749
3684
3602
10
2327
2379
1890
3973
2840
2235
3967
2956
4016
3589
139
4051
2384
4209
525
4009
2095
3709
2853
459
2027
851
1212
4210
1282
424
1419
3939
910
1544
4454
3734
1939
1954
247
76
2484
4106
4301
4104
2920
1852
4321
3915
617
4152
141
1875
4039
887
3255
3178
2858
484
3512
2468
3553
21
4334
115
224
2485
483
1202
3835
3203
912
3449
47
2454
1390
14
2945
1922
984
448
4515
855
1833
2816
843
601
1137
2102
2089
3631
4087
378
215
714
1170
3296
3012
4598
249
2083
2768
4139
324
2596
2195
1915
991
4292
2369
2147
244
2839
2832
3220
647
1567
2388
2128
3521
3141
1757
72
1924
4390
266
2894
600
966
4359
513
50
616
998
4131
3996
293
2554
556
425
4448
2577
3645
4117
2980
1403
1240
93
2779
485
1475
3949
1930
1704
2081
581
1026
3714
348
2769
1714
1238
3311
495
2038
2979
2220
1413
4023
3169
3089
2774
2962
4363
3832
148
2809
2711
2750
4272
4282
3446
3739
4384
1653
3621
4212
4460
46
1507
2056
4416
2516
2657
2381
4266
2031
4178
3107
1060
1225
3796
1540
2735
3237
2476
1592
4536
136
3628
2755
3952
645
3355
964
3936
1851
257
3751
2182
275
2925
790
104
2680
3935
709
3817
1002
3375
1132
3238
3291
2824
2130
322
528
4049
999
3778
849
3249
2978
1703
3030
1488
4360
3668
1646
3776
1561
1395
4014
3966
1372
2150
915
1138
4017
2669
1113
1274
3460
2296
3160
798
3895
4554
2062
2497
3732
775
2528
3351
883
2742
805
3959
1180
929
3347
4488
2078
262
2361
4300
2183
4415
74
1033
1163
853
4197
2595
1908
2666
1417
1583
2794
810
4283
3376
1756
3699
1559
1119
2796
4293
3152
641
2448
3897
4329
4003
4174
3985
3269
644
505
3745
1912
4142
4475
4543
1785
3523
3261
826
1760
526
3712
3518
1422
1862
3581
2489
2658
804
278
2692
242
4077
675
2868
684
1142
2538
4090
3316
3807
4511
2982
2051
4203
4119
2272
2087
518
4376
208
1942
2870
735
2912
3812
3248
403
2942
933
4064
1036
932
259
3818
1870
911
2801
4264
1328
1865
543
499
1263
1440
1069
777
3600
3741
4530
778
817
4442
1268
1960
1257
1769
2138
940
3358
3861
313
4510
3309
2909
815
4533
3646
878
8
1914
3451
159
2018
4528
1710
2513
2158
1337
4215
2973
671
185
4133
1617
126
4237
597
4498
1191
2406
406
1616
260
1207
3401
2795
811
377
1259
3034
788
945
1205
1059
383
504
3839
1686
2121
1917
2508
4148
1713
1012
4478
1271
3399
2771
2563
2512
1391
450
3843
3390
3421
4216
323
1792
2329
1735
2284
1997
3758
971
2
140
889
3457
2850
583
3484
1162
3027
4326
86
2826
907
2066
1722
3247
1882
385
3096
2921
2707
2414
123
2288
4063
638
2194
4
3026
1577
2021
1719
2231
2681
677
1712
109
796
4267
263
1989
4000
3540
2744
3795
2520
229
2298
2274
1038
83
3109
990
3592
643
3288
2726
3505
106
749
4541
1327
3187
4450
486
4168
3224
619
949
2649
1929
3350
1793
961
1074
3630
4451
3719
166
3331
3398
1285
3534
2686
3882
3172
2689
3024
97
3946
3638
150
1330
2694
3537
2775
71
1608
2378
2382
4495
1269
825
320
214
3183
4436
2880
2728
2727
2855
3369
1666
4414
3999
1657
2432
972
1634
1545
3510
2142
1108
578
3111
3416
3823
4171
1534
653
900
1837
1562
1436
2017
487
2647
368
4370
3969
952
814
186
3963
2041
77
3007
1265
698
2585
3153
2499
4521
1551
636
2994
3496
3905
4549
1607
2967
1458
1386
1199
4524
395
3341
1072
4123
3716
2548
2612
898
2212
3976
4089
3492
3902
2969
2375
1720
25
4291
2983
3908
2343
3583
3114
3005
2930
2019
944
287
1116
310
162
1027
1805
571
467
398
4423
3612
622
4127
3268
3083
4028
1952
3353
1393
138
3166
1382
1537
2208
2998
3001
2123
3555
1859
2957
1639
2654
3722
3743
1073
119
2011
3655
4205
3308
187
2661
1834
3693
1945
2045
1000
125
2822
3443
4373
906
1766
2057
3862
2758
2363
715
2047
4470
3447
2884
3333
2555
3813
2436
733
2947
1521
863
2602
3263
854
2829
2808
3119
364
3577
1585
1670
599
35
1416
3619
3669
63
558
479
3821
3240
1749
4379
4449
3825
3056
3615
2065
4320
4193
2605
4085
210
3896
4597
4129
503
4346
195
1276
3405
1482
3272
204
2549
1131
4347
1530
1959
2756
4030
3853
725
3938
177
1103
1399
178
2359
2411
2604
1124
1986
446
1398
3899
3800
359
4298
4553
4469
1428
1197
2892
1041
2678
1438
870
3844
88
237
1343
2610
227
2869
4180
2586
44
1323
661
4260
764
1529
3189
417
4111
989
834
1086
1578
3886
732
3214
797
1744
3524
2222
3834
3497
4135
2465
3664
3235
1151
3450
3361
774
175
1648
2203
1773
1753
4389
2431
199
3426
2434
1661
2407
2263
829
2576
3737
3188
2228
2874
4327
315
1996
2207
679
45
4595
2070
1042
233
3636
1517
3786
2232
2883
1594
4335
2079
3366
4276
3656
2253
3085
3879
4042
4015
1095
696
3858
4482
2013
920
3417
1717
2862
1742
4026
3016
3815
1628
2886
3113
4120
2119
3759
3746
2170
75
2416
1125
2580
974
2219
1130
3819
2136
1726
4459
4101
1700
3418
460
337
3622
4367
1456
1479
2428
2323
4537
3798
4375
4591
2740
3290
706
1096
1644
550
1196
3707
219
541
3735
302
4430
4438
1919
2854
1557
1619
648
4481
82
2394
3666
1574
220
432
785
2202
651
3348
2371
1763
2294
3670
3115
852
772
593
1123
4374
2080
527
707
2171
3095
2467
2145
4568
168
2308
4100
468
149
2913
4181
770
1725
1091
2873
2911
1588
1968
3992
970
3382
4589
3768
2864
4170
1799
303
2624
914
3837
947
232
2896
1178
2828
2614
833
3632
3924
2368
1883
3986
1512
3230
589
113
2331
3767
153
1459
2999
319
321
4319
1248
3639
1224
68
3582
3298
586
3471
2006
2900
3605
3584
1625
4461
2075
4250
4198
2679
4458
1218
3253
4112
4136
1541
2917
1019
464
2810
1948
1932
99
160
2628
2067
3556
866
2503
1493
4333
1778
116
1370
2475
3727
362
844
1290
3130
4455
3876
2831
755
1938
1385
657
3010
391
366
2985
1486
3100
893
2433
3715
4052
3313
3514
1454
1892
2029
2741
2818
1911
4315
2185
234
1747
2830
1518
4192
3013
3840
2082
1655
4601
4560
131
3342
1548
659
3127
4279
1636
353
2776
4040
3792
3062
2590
3940
4594
3874
3627
360
4573
218
454
2581
2178
372
1974
4362
1526
1711
3620
1414
3396
332
3705
1055
2179
4188
3486
2325
3395
1920
994
630
134
2061
4421
4005
1336
4312
2342
4141
4538
3093
1698
4221
4518
4324
3890
4022
3624
1066
1816
4393
3720
1604
1804
1971
4371
928
892
1266
2847
1864
392
4311
2996
4044
3845
2665
2504
1206
718
1522
2806
2781
292
2153
117
2131
1813
762
2278
1457
2533
557
3701
905
407
3262
4550
4540
3123
3660
1568
1610
3077
3538
2642
2397
477
2293
3972
3892
1921
3287
2797
847
4280
458
4027
3071
4006
4483
3045
1825
2046
4405
1186
2030
2521
2482
2245
2564
298
3578
2703
108
1838
3338
2767
1871
3805
882
338
89
813
1134
2821
491
354
3162
1630
2938
4073
841
710
1098
1365
3437
1573
3428
2140
1566
314
176
1088
2117
98
4479
2784
2963
2162
3391
742
1301
711
3913
655
3140
1158
3962
1447
4585
3473
3004
2981
2856
2321
3081
3859
3731
2553
2210
488
1927
502
2257
3595
610
3086
3303
2221
1876
3753
4596
3918
4561
2746
4076
1141
2918
1556
3478
2622
296
135
1903
575
3110
3922
3206
3202
4244
689
4246
4175
997
402
850
731
1839
2350
626
1015
2098
820
1857
1907
3841
2107
2163
2000
3384
1249
938
2863
2972
771
4273
3295
73
3945
1157
954
2076
2387
2309
1007
1645
3659
1889
663
4499
2573
919
838
3234
2093
3194
523
3412
874
336
3441
891
3112
4525
4238
2984
942
3872
3406
3104
3124
2934
1289
2115
334
3195
1222
2709
1531
1056
946
3573
554
3535
3781
2201
1847
1466
594
1473
2453
1956
2010
609
595
161
2841
2312
3283
1192
4512
3337
4103
3440
2332
3983
3049
2916
776
3964
1572
3221
848
1092
3866
132
2273
3445
4446
2648
3231
1976
3662
1705
1226
1784
2463
3256
3143
286
4019
3246
480
1637
2608
3519
1906
588
1437
3245
4036
1665
2805
379
2950
1979
895
4299
2849
3762
3657
2546
2701
899
3320
2344
768
3455
4001
3499
245
1415
544
861
3250
2716
4325
4551
4071
1156
1307
2634
1070
1524
452
2615
3516
1925
2491
3129
3271
3211
455
2455
2239
2953
2558
1484
4099
3373
1539
1216
434
57
1264
365
2403
2713
2815
2569
1772
2174
800
3282
4227
2789
4557
4275
3820
2108
2574
3328
1858
4420
1261
802
3989
1272
2271
3525
4356
3092
90
2852
3035
3330
2751
2391
3048
1262
1845
447
3598
66
1926
1200
2759
1321
3055
2265
3614
3829
1369
4422
3842
1546
2890
4234
1288
2663
2032
3703
2471
4259
4318
2966
2785
769
2672
2530
1885
3698
3544
3625
3031
3304
2565
3611
2169
2233
4555
1352
1754
604
1183
445
2225
1649
3494
3981
1774
1090
757
4343
2500
4169
1277
127
962
1237
1627
3502
1165
1105
563
4095
4406
3594
170
2875
2275
241
2159
4534
3797
4546
3763
2636
1836
2137
1241
4337
1406
4439
2712
4107
1895
4570
3439
2748
183
3137
2507
4574
501
400
3982
2016
304
953
3453
988
1295
2888
1814
2151
716
3485
4202
3051
3197
1554
180
4230
1444
349
2939
2356
740
3549
2720
2002
4408
3043
2838
1306
596
1693
2990
1299
1678
608
4417
662
2125
4191
1356
654
4419
2592
151
3726
1367
3305
2283
1758
1965
1844
2464
1018
3838
2077
2480
4571
3078
2736
2495
1168
2146
196
4358
846
1089
265
3846
2318
1941
4523
2881
4532
472
633
3893
3297
205
1615
1245
837
4349
2556
2851
2483
4407
3411
1820
1958
983
2732
3831
2717
1366
2426
3233
3558
1320
5
1050
783
2618
1614
1809
3706
1315
4013
1909
3934
4245
1357
2354
760
2111
4351
4067
1215
3752
1899
1891
1587
1374
3750
1970
1514
2315
1149
1500
816
1179
3856
758
3394
3454
4145
3415
4502
694
2214
4248
2970
568
4241
2691
1849
3925
3904
317
3339
2791
189
4295
3136
1602
4587
3770
2653
4138
4278
3356
507
4156
1005
948
173
1988
2261
4235
3008
4434
2842
92
935
1553
4270
4303
3299
2072
29
551
3335
2598
2020
2152
3547
2364
799
1351
3898
903
3998
2161
3864
2693
1383
1897
3131
1446
2641
4350
3073
3301
2289
1420
1472
976
2861
2113
2688
1421
1058
727
48
105
3279
1660
4361
690
2370
1031
4398
3748
4548
3435
473
443
2103
1682
613
2336
3022
565
490
573
212
1781
1586
2857
1317
792
2064
1672
4231
217
3468
3278
2718
2910
1404
1746
913
4050
2213
1371
516
3811
2367
4199
2907
1174
3995
3610
444
721
1863
2529
3860
3603
2977
708
2424
862
1167
3177
3887
1302
605
41
3724
3671
4352
803
4484
2936
3563
142
885
515
3543
1081
4600
3300
2591
3954
1373
4341
1028
352
4093
823
1582
624
1667
346
4418
33
1275
4083
271
2511
355
2224
294
2518
3881
2488
2190
4086
1991
2474
603
419
4258
1879
1980
254
2260
3461
4517
658
1014
1009
3431
1620
738
301
3772
3003
3067
4253
1843
1931
3212
2314
1182
38
3740
2674
382
806
3733
699
1360
3252
4357
3097
4463
2571
3640
2337
2932
1497
1513
280
2800
2227
1528
1928
3167
1450
1632
3984
311
2133
3637
3590
2964
4220
2560
3680
2676
2836
197
3476
390
1490
767
2452
493
2928
2114
2306
582
2893
649
4247
2552
3865
381
2683
492
1579
1427
1933
3909
1955
2935
3571
2425
2215
839
2764
1109
3074
4252
2205
1053
4467
2633
1975
667
548
2878
2879
1258
1402
412
343
1322
1800
3448
2042
1462
1575
2670
3018
3747
2259
2149
3869
3677
2004
650
1223
1563
449
1244
482
1221
3713
1788
2104
1153
3552
1683
3036
4008
2671
3629
2268
872
2780
4592
2385
781
2437
3958
540
2588
3173
2846
248
1978
1842
3587
2035
2449
3672
631
669
3539
2244
4323
3601
4149
2297
2481
686
2540
2479
408
672
1198
3769
2255
1699
3343
3551
4254
3139
1107
2134
1294
1896
3293
429
2024
4435
2908
3557
62
3729
279
536
394
4466
3332
2258
951
4302
4114
221
1855
1001
3868
3368
1671
2730
784
959
3757
1400
3232
713
192
155
1291
1465
415
427
80
2650
2545
3122
1668
678
2812
1229
2319
55
3883
4316
2877
3857
1339
2438
329
2486
2991
2307
2303
4128
4304
1039
1861
577
3780
3765
4503
306
2447
3903
549
2593
666
981
2459
3345
2141
2677
1451
2514
3372
2243
1063
2872
4056
3409
2833
26
143
11
1003
1565
1256
3911
4219
285
4284
7
2334
1558
3785
2026
4113
1341
1501
174
1145
1982
4057
2705
2040
875
19
496
171
3403
3042
2502
4048
3469
2349
4187
958
2226
3848
1707
1854
2229
2895
4580
1349
2301
3574
845
1434
3158
3568
2446
2954
456
1626
2348
4566
2621
2295
1701
3066
3346
1030
3481
2685
1656
4427
4084
3000
225
3270
439
144
1273
2535
3088
1489
3196
535
3617
2461
4308
986
818
2766
4428
3219
705
939
1353
1669
2509
2105
2802
2848
430
4082
1423
1745
3754
3322
3050
2961
4365
2441
2054
561
4519
1487
4218
1827
1477
4340
1708
3542
4493
326
1642
94
3801
2547
1739
1035
1674
957
3176
1067
3596
1021
3117
1155
4213
1491
1937
832
1171
4296
1759
60
3673
4492
2866
1679
3208
2338
4242
3393
4490
404
1362
3618
1987
1811
3281
2177
2101
2116
2700
819
3094
2525
3207
2001
1193
2112
1790
3951
2825
3799
2783
2404
2267
2086
3363
676
801
1533
3530
1547
2165
2536
923
1071
4217
592
2995
4277
1509
1596
1139
3676
4263
2074
3154
3413
539
1463
3076
3828
1461
2300
2216
720
3522
3643
2827
2456
925
1046
3009
2738
1292
3389
3374
3634
4294
3171
1850
416
3105
927
2049
211
2302
2180
1901
2373
2583
295
3
2362
1506
2544
4224
1281
4399
3527
579
3585
1894
3388
2719
3020
1121
4251
4552
634
2143
3184
2341
3993
1821
156
2014
3695
2616
746
3011
4338
4564
2304
2223
761
3728
1597
745
39
3039
1916
4429
1359
3334
909
1918
2358
1904
3482
4547
1471
1217
1228
726
980
2172
3528
12
1181
255
441
509
2409
2196
4556
2299
1177
4578
2008
1020
4164
1474
917
2575
4305
4157
2807
3787
1017
356
1664
739
1114
4441
3215
78
3880
4046
2311
1077
3635
4088
1810
562
756
341
3490
1775
1998
1460
1311
1219
1828
2167
3175
1122
1210
1246
1112
574
1695
1823
51
1748
350
564
1606
267
4558
3126
1727
674
1331
2376
869
2494
766
4526
3901
3168
2949
2246
876
3554
2238
1691
921
1724
1550
154
4391
3125
81
3466
22
4045
2139
3276
1612
2487
305
4424
1443
2943
23
3404
2084
2096
4166
2834
4268
1173
4563
2572
1347
1831
2377
2285
3570
3190
435
703
791
3323
4404
978
3251
896
3648
4243
4054
693
3997
3562
1783
3894
3367
1741
3075
3213
2199
4075
2865
1782
1923
3216
598
4059
918
2899
2181
3827
253
787
102
2891
1441
1613
4474
451
3979
1913
40
4289
2270
4567
3696
1884
3383
2396
4072
461
1267
1381
1706
1795
1492
2347
2952
567
4401
3487
2085
273
4062
1286
1983
3072
701
3385
157
2699
1011
2976
1144
3289
3019
3209
3944
773
4185
2698
107
2600
1963
2372
4035
3822
3833
3493
6
3157
147
3649
3814
670
943
2643
1866
231
423
1878
3025
474
1185
1856
2313
2036
4447
1431
481
2418
822
2579
2568
3873
2360
3802
2451
347
3002
1280
1247
1658
1236
3836
4388
1211
1690
4223
524
3041
4080
2550
2813
85
2022
3254
4527
207
4081
1969
3777
3387
1061
3159
2632
2493
3424
3400
3079
1110
968
3365
4588
1762
3106
652
179
1949
4576
4462
1595
3644
566
985
2034
3789
2496
3613
268
4443
3357
1643
1515
1485
1146
2469
3586
1449
736
3285
4110
3678
3182
2682
1430
1962
3900
3561
2120
4239
3970
2189
1806
1254
2792
3222
20
1344
1503
3472
529
3483
1068
3080
3058
2926
3932
3467
1652
1187
3704
1697
4043
1860
680
2931
1826
3683
4079
397
2971
4098
4130
3236
3087
1023
3565
2814
228
1730
908
553
3133
1078
2960
24
1631
673
995
4108
1966
328
369
2009
2787
3667
3941
2557
3046
1048
4380
681
530
2630
282
1129
3651
615
521
3463
4116
361
1298
3344
960
3688
1346
606
1054
3988
1751
3205
1673
4387
3038
3950
2328
3410
3102
111
4582
3475
230
2551
1590
3686
2958
1080
438
807
3965
1387
4038
1787
3414
1944
405
4529
2987
3863
1504
3691
2218
3526
1204
3650
3326
2069
87
3875
2118
879
1126
203
1675
4031
936
510
4290
587
2050
744
3144
4177
2277
53
4444
2940
1389
1818
1494
4146
1947
1571
4020
4403
3318
2660
2607
1329
165
729
3132
182
1794
2198
1303
3150
49
827
2262
2823
3994
602
1898
1118
2721
4190
489
3607
996
3242
2176
2324
2422
3352
1175
1877
4262
4034
704
2071
3277
4172
2708
32
2421
858
1057
3379
627
4078
3633
514
1624
409
1094
4288
1961
2466
1425
1227
2761
288
3458
2217
3575
4471
1817
3504
635
3503
1013
1361
1318
4269
3032
307
3488
4453
137
4150
3336
1161
1409
3275
476
2392
3679
2955
2594
2063
1442
1651
665
2236
1401
591
2090
3257
4583
1687
2250
3146
2645
2790
4183
3432
3101
2747
3702
3576
4281
3228
1231
54
2951
2927
344
401
2904
3517
4366
181
4182
1190
2470
414
422
3239
500
3756
2055
4226
1496
1260
4313
129
3118
1184
3470
2835
1887
2887
239
309
2635
2993
3459
1111
3560
1255
1300
3480
3975
3438
3319
3766
4092
1967
222
1418
1654
3572
2924
4222
2844
4161
2206
1761
2786
902
1201
1576
4355
2772
4184
2515
2188
1569
3971
2867
2690
3978
2668
4431
809
2197
184
2603
3569
4491
2156
2714
3349
3888
252
413
782
1368
1214
2584
3665
4102
30
3914
3980
2322
795
4307
1789
2043
2012
3885
457
4096
4505
1075
3943
2241
1802
1429
722
3312
4489
2526
1549
3685
2173
2919
264
1951
2335
857
1499
3199
4369
3794
2429
793
59
2968
828
3968
4287
1680
